Specimen_AllReader_Record3 No ,  

Time (h.m.s.ms),              ID:0 R1 (X)                   ID:0 R1 (Y)                   R2 D (cm)                     R3 T (N·m),                   
16:25:57.109                  0.3705                        0.0081                        0.278                         0                             
16:25:57.237                  0.3702                        0.0082                        0.278                         0                             
16:25:57.349                  0.3698                        0.0083                        0.278                         0                             
16:25:57.445                  0.3696                        0.0083                        0.278                         0                             
16:25:57.589                  0.3695                        0.0083                        0.278                         0                             
16:25:57.701                  0.3694                        0.0083                        0.278                         0                             
16:25:57.829                  0.3694                        0.0084                        0.278                         0                             
16:25:57.940                  0.3694                        0.0084                        0.278                         0                             
16:25:58.068                  0.3695                        0.0084                        0.278                         0                             
16:25:58.181                  0.3696                        0.0084                        0.278                         0                             
16:25:58.293                  0.3697                        0.0083                        0.278                         0                             
16:25:58.421                  0.3698                        0.0082                        0.278                         0                             
16:25:58.533                  0.37                          0.008                         0.278                         0                             
16:25:58.661                  0.3702                        0.0078                        0.278                         0                             
16:25:58.772                  0.3704                        0.0076                        0.278                         0                             
16:25:58.884                  0.3705                        0.0074                        0.278                         0                             
16:25:59.013                  0.3706                        0.0072                        0.278                         0                             
16:25:59.125                  0.3709                        0.0071                        0.278                         0                             
16:25:59.253                  0.3709                        0.0072                        0.278                         0                             
16:25:59.365                  0.3709                        0.0074                        0.278                         0                             
16:25:59.461                  0.3709                        0.0075                        0.278                         0                             
16:25:59.605                  0.3709                        0.0078                        0.278                         0                             
16:25:59.717                  0.3708                        0.0084                        0.278                         0                             
16:25:59.845                  0.3707                        0.0087                        0.278                         0                             
16:25:59.957                  0.3707                        0.0089                        0.278                         0                             
16:26:00.053                  0.3706                        0.0091                        0.278                         0                             
16:26:00.197                  0.3704                        0.0091                        0.278                         0                             
16:26:00.308                  0.3702                        0.0089                        0.278                         0                             
16:26:00.436                  0.3698                        0.0087                        0.278                         0                             
16:26:00.548                  0.3695                        0.0084                        0.278                         0                             
16:26:00.644                  0.3694                        0.0082                        0.278                         0                             
16:26:00.789                  0.3694                        0.008                         0.278                         0                             
16:26:00.901                  0.3697                        0.0078                        0.278                         0                             
16:26:01.029                  0.37                          0.0078                        0.278                         0                             
16:26:01.141                  0.3704                        0.0077                        0.278                         0                             
16:26:01.268                  0.3707                        0.0078                        0.278                         0                             
16:26:01.380                  0.3708                        0.0078                        0.278                         0                             
16:26:01.492                  0.3708                        0.0079                        0.278                         0                             
16:26:01.620                  0.3705                        0.0081                        0.278                         0                             
16:26:01.732                  0.3701                        0.0082                        0.278                         0                             
16:26:01.860                  0.3698                        0.0084                        0.278                         0                             
16:26:01.972                  0.3694                        0.0084                        0.278                         0                             
16:26:02.084                  0.369                         0.0084                        0.278                         0                             
16:26:02.212                  0.3688                        0.0085                        0.278                         0                             
16:26:02.324                  0.3686                        0.0085                        0.278                         0                             
16:26:02.419                  0.3684                        0.0084                        0.278                         0                             
16:26:02.567                  0.3683                        0.0083                        0.278                         0                             
16:26:02.692                  0.3683                        0.0084                        0.278                         0                             
16:26:02.803                  0.3684                        0.0083                        0.278                         0                             
16:26:02.916                  0.3685                        0.0081                        0.278                         0                             
16:26:03.043                  0.3688                        0.0081                        0.278                         0                             
16:26:03.155                  0.3691                        0.0081                        0.278                         0                             
16:26:03.267                  0.3693                        0.008                         0.278                         0                             
16:26:03.395                  0.3696                        0.0079                        0.278                         0                             
16:26:03.603                  0.3698                        0.0079                        0.278                         0                             
16:26:03.731                  0.3699                        0.0077                        0.278                         0                             
16:26:03.860                  0.3699                        0.0075                        0.278                         0                             
16:26:03.972                  0.3699                        0.0073                        0.278                         0                             
16:26:04.100                  0.3699                        0.0071                        0.278                         0                             
16:26:04.212                  0.37                          0.0068                        0.278                         0                             
16:26:04.308                  0.3701                        0.0067                        0.278                         0                             
16:26:04.451                  0.3702                        0.0067                        0.278                         0                             
16:26:04.563                  0.3702                        0.0069                        0.278                         0                             
16:26:04.691                  0.3703                        0.007                         0.278                         0                             
16:26:04.803                  0.3702                        0.0072                        0.278                         0                             
16:26:04.900                  0.3701                        0.0073                        0.278                         0                             
16:26:05.043                  0.3701                        0.0074                        0.278                         0                             
16:26:05.155                  0.3702                        0.0075                        0.278                         0                             
16:26:05.284                  0.3702                        0.0075                        0.278                         0                             
16:26:05.395                  0.3703                        0.0074                        0.278                         0                             
16:26:05.491                  0.3703                        0.0074                        0.278                         0                             
16:26:05.636                  0.3703                        0.0075                        0.278                         0                             
16:26:05.747                  0.3702                        0.0076                        0.278                         0                             
16:26:05.875                  0.3701                        0.0076                        0.278                         0                             
16:26:05.986                  0.37                          0.0077                        0.278                         0                             
16:26:06.115                  0.37                          0.0079                        0.278                         0                             
16:26:06.226                  0.3699                        0.0081                        0.278                         0                             
16:26:06.338                  0.37                          0.0083                        0.278                         0                             
16:26:06.467                  0.3701                        0.0084                        0.278                         0                             
16:26:06.579                  0.3703                        0.0086                        0.278                         0                             
16:26:06.707                  0.3705                        0.0086                        0.278                         0                             
16:26:06.819                  0.3707                        0.0085                        0.278                         0                             
16:26:06.930                  0.3708                        0.0085                        0.278                         0                             
16:26:07.058                  0.3708                        0.0083                        0.278                         0                             
16:26:07.170                  0.3707                        0.0083                        0.278                         0                             
16:26:07.299                  0.3705                        0.0083                        0.278                         0                             
16:26:07.411                  0.3703                        0.0084                        0.278                         0                             
16:26:07.523                  0.37                          0.0086                        0.278                         0                             
16:26:07.651                  0.37                          0.0087                        0.278                         0                             
16:26:07.762                  0.37                          0.0089                        0.278                         0                             
16:26:07.890                  0.37                          0.0089                        0.278                         0                             
16:26:08.003                  0.37                          0.0087                        0.278                         0                             
16:26:08.114                  0.37                          0.0085                        0.278                         0                             
16:26:08.242                  0.3701                        0.0081                        0.278                         0                             
16:26:08.354                  0.37                          0.0077                        0.278                         0                             
16:26:08.482                  0.37                          0.0076                        0.278                         0                             
16:26:08.594                  0.37                          0.0075                        0.278                         0                             
16:26:08.706                  0.3699                        0.0075                        0.278                         0                             
16:26:08.834                  0.3699                        0.0077                        0.278                         0                             
16:26:09.026                  0.3699                        0.0078                        0.278                         0                             
16:26:09.138                  0.3698                        0.0079                        0.278                         0                             
16:26:09.266                  0.3697                        0.008                         0.278                         0                             
16:26:09.378                  0.3697                        0.0079                        0.278                         0                             
16:26:09.490                  0.3697                        0.0077                        0.278                         0                             
16:26:09.618                  0.3698                        0.0076                        0.278                         0                             
16:26:09.729                  0.3699                        0.0074                        0.278                         0                             
16:26:09.857                  0.37                          0.0073                        0.278                         0                             
16:26:09.969                  0.3701                        0.0071                        0.278                         0                             
16:26:10.082                  0.3701                        0.0072                        0.278                         0                             
16:26:10.210                  0.3701                        0.0073                        0.278                         0                             
16:26:10.322                  0.37                          0.0074                        0.278                         0                             
16:26:10.450                  0.3701                        0.0077                        0.278                         0                             
16:26:10.562                  0.3702                        0.0078                        0.278                         0                             
16:26:10.674                  0.3703                        0.0078                        0.278                         0                             
16:26:10.802                  0.3704                        0.0076                        0.278                         0                             
16:26:10.914                  0.3704                        0.0074                        0.278                         0                             
16:26:11.042                  0.3704                        0.0072                        0.278                         0                             
16:26:11.154                  0.3703                        0.007                         0.278                         0                             
16:26:11.266                  0.3702                        0.0068                        0.278                         0                             
16:26:11.394                  0.3703                        0.0068                        0.278                         0                             
16:26:11.505                  0.3703                        0.0068                        0.278                         0                             
16:26:11.633                  0.3704                        0.0068                        0.278                         0                             
16:26:11.746                  0.3704                        0.0066                        0.278                         0                             
16:26:11.857                  0.3705                        0.0067                        0.278                         0                             
16:26:11.985                  0.3705                        0.0067                        0.278                         0                             
16:26:12.097                  0.3704                        0.0067                        0.278                         0                             
16:26:12.225                  0.3705                        0.0068                        0.278                         0                             
16:26:12.337                  0.3706                        0.007                         0.278                         0                             
16:26:12.450                  0.3707                        0.0072                        0.278                         0                             
16:26:12.577                  0.3707                        0.0072                        0.278                         0                             
16:26:12.689                  0.3707                        0.0073                        0.278                         0                             
16:26:12.817                  0.3706                        0.0074                        0.278                         0                             
16:26:12.929                  0.3702                        0.0076                        0.278                         0                             
16:26:13.041                  0.3697                        0.0079                        0.278                         0                             
16:26:13.168                  0.3695                        0.008                         0.278                         0                             
16:26:13.280                  0.3694                        0.0081                        0.278                         0                             
16:26:13.409                  0.3693                        0.0081                        0.278                         0                             
16:26:13.521                  0.3693                        0.008                         0.278                         0                             
16:26:13.633                  0.3694                        0.0078                        0.278                         0                             
16:26:13.761                  0.3697                        0.0073                        0.278                         0                             
16:26:13.873                  0.3698                        0.007                         0.278                         0                             
16:26:13.969                  0.3699                        0.0067                        0.278                         0                             
16:26:14.113                  0.3701                        0.0065                        0.278                         0                             
16:26:14.225                  0.3704                        0.0064                        0.278                         0                             
16:26:14.353                  0.3704                        0.0066                        0.278                         0                             
16:26:14.465                  0.3704                        0.0069                        0.278                         0                             
16:26:14.560                  0.3704                        0.0071                        0.278                         0                             
16:26:14.704                  0.3702                        0.0073                        0.278                         0                             
16:26:14.816                  0.3699                        0.0074                        0.278                         0                             
16:26:14.944                  0.3697                        0.0075                        0.278                         0                             
16:26:15.057                  0.3696                        0.0077                        0.278                         0                             
16:26:15.169                  0.3695                        0.0081                        0.278                         0                             
16:26:15.297                  0.3694                        0.0084                        0.278                         0                             
16:26:15.409                  0.3697                        0.0086                        0.278                         0                             
16:26:15.537                  0.3699                        0.0088                        0.278                         0                             
16:26:15.648                  0.37                          0.0088                        0.278                         0                             
16:26:15.760                  0.37                          0.0086                        0.278                         0                             
16:26:15.888                  0.3701                        0.0082                        0.278                         0                             
16:26:16.000                  0.3701                        0.0078                        0.278                         0                             
16:26:16.128                  0.37                          0.0077                        0.278                         0                             
16:26:16.240                  0.3699                        0.0074                        0.278                         0                             
16:26:16.352                  0.3699                        0.0073                        0.278                         0                             
16:26:16.480                  0.3699                        0.0073                        0.278                         0                             
16:26:16.592                  0.3699                        0.0074                        0.278                         0                             
16:26:16.720                  0.3699                        0.0076                        0.278                         0                             
16:26:16.833                  0.3699                        0.0078                        0.278                         0                             
16:26:16.944                  0.3699                        0.0079                        0.278                         0                             
16:26:17.072                  0.3698                        0.0081                        0.278                         0                             
16:26:17.184                  0.3698                        0.0083                        0.278                         0                             
16:26:17.312                  0.3697                        0.0085                        0.278                         0                             
16:26:17.424                  0.3697                        0.0086                        0.278                         0                             
16:26:17.535                  0.3697                        0.0086                        0.278                         0                             
16:26:17.663                  0.3697                        0.0087                        0.278                         0                             
16:26:17.776                  0.3698                        0.0085                        0.278                         0                             
16:26:17.903                  0.37                          0.0083                        0.278                         0                             
16:26:18.016                  0.3702                        0.0079                        0.278                         0                             
16:26:18.128                  0.3703                        0.0078                        0.278                         0                             
16:26:18.256                  0.3704                        0.0075                        0.278                         0                             
16:26:18.367                  0.3705                        0.0072                        0.278                         0                             
16:26:18.496                  0.3704                        0.0072                        0.278                         0                             
16:26:18.608                  0.3702                        0.0073                        0.278                         0                             
16:26:18.720                  0.37                          0.0073                        0.278                         0                             
16:26:18.848                  0.3699                        0.0072                        0.278                         0                             
16:26:18.960                  0.3695                        0.0071                        0.278                         0                             
16:26:19.088                  0.3693                        0.0072                        0.278                         0                             
16:26:19.200                  0.3692                        0.0071                        0.278                         0                             
16:26:19.312                  0.3689                        0.007                         0.278                         0                             
16:26:19.440                  0.3688                        0.007                         0.278                         0                             
16:26:19.552                  0.3686                        0.0072                        0.278                         0                             
16:26:19.679                  0.3685                        0.0075                        0.278                         0                             
16:26:19.792                  0.3685                        0.0078                        0.278                         0                             
16:26:19.888                  0.3686                        0.008                         0.278                         0                             
16:26:20.031                  0.3687                        0.0081                        0.278                         0                             
16:26:20.144                  0.3689                        0.0082                        0.278                         0                             
16:26:20.272                  0.369                         0.0082                        0.278                         0                             
16:26:20.384                  0.3691                        0.008                         0.278                         0                             
16:26:20.511                  0.3692                        0.0077                        0.278                         0                             
16:26:20.623                  0.3693                        0.0078                        0.278                         0                             
16:26:20.735                  0.3695                        0.0078                        0.278                         0                             
16:26:20.863                  0.3698                        0.008                         0.278                         0                             
16:26:20.975                  0.37                          0.0083                        0.278                         0                             
16:26:21.071                  0.3702                        0.0085                        0.278                         0                             
16:26:21.215                  0.3704                        0.0085                        0.278                         0                             
16:26:21.326                  0.3706                        0.0084                        0.278                         0                             
16:26:21.454                  0.3706                        0.0083                        0.278                         0                             
16:26:21.567                  0.3706                        0.0082                        0.278                         0                             
16:26:21.695                  0.3707                        0.008                         0.278                         0                             
16:26:21.807                  0.3707                        0.008                         0.278                         0                             
16:26:21.919                  0.3707                        0.0082                        0.278                         0                             
16:26:22.047                  0.3706                        0.0084                        0.278                         0                             
16:26:22.159                  0.3705                        0.0087                        0.278                         0                             
16:26:22.287                  0.3703                        0.0088                        0.278                         0                             
16:26:22.399                  0.3701                        0.0089                        0.278                         0                             
16:26:22.511                  0.3698                        0.009                         0.278                         0                             
16:26:22.639                  0.3697                        0.009                         0.278                         0                             
16:26:22.751                  0.3695                        0.0089                        0.278                         0                             
16:26:22.879                  0.3695                        0.0087                        0.278                         0                             
16:26:22.991                  0.3696                        0.0085                        0.278                         0                             
16:26:23.086                  0.3698                        0.0082                        0.278                         0                             
16:26:23.230                  0.37                          0.0079                        0.278                         0                             
16:26:23.342                  0.3702                        0.0076                        0.278                         0                             
16:26:23.471                  0.3704                        0.0074                        0.278                         0                             
16:26:23.583                  0.3705                        0.0071                        0.278                         0                             
16:26:23.679                  0.3705                        0.007                         0.278                         0                             
16:26:23.822                  0.3705                        0.0071                        0.278                         0                             
16:26:23.935                  0.3703                        0.0072                        0.278                         0                             
16:26:24.062                  0.3701                        0.0073                        0.278                         0                             
16:26:24.174                  
16:53:20.794                  0.3695                        0.0061                        0.278                         0                             
16:53:20.863                  0.3693                        0.0062                        0.278                         0                             
16:53:20.976                  0.3692                        0.0063                        0.278                         0                             
16:53:21.071                  0.369                         0.0064                        0.278                         0                             
16:53:21.167                  0.369                         0.0064                        0.278                         0                             
16:53:21.279                  0.3691                        0.0065                        0.278                         0                             
16:53:21.376                  0.3691                        0.0065                        0.278                         0                             
16:53:21.489                  0.3692                        0.0067                        0.278                         0                             
16:53:21.600                  0.3694                        0.0067                        0.278                         0                             
16:53:21.695                  0.3695                        0.0069                        0.278                         0                             
16:53:21.807                  0.3695                        0.0069                        0.278                         0                             
16:53:21.919                  0.3694                        0.0068                        0.278                         0                             
16:53:22.031                  0.3692                        0.0066                        0.278                         0                             
16:53:22.127                  0.369                         0.0063                        0.278                         0                             
16:53:22.239                  0.3688                        0.006                         0.278                         0                             
16:53:22.351                  0.3686                        0.0057                        0.278                         0                             
16:53:22.463                  0.3686                        0.0055                        0.278                         0                             
16:53:22.575                  0.3685                        0.0054                        0.278                         0                             
16:53:22.671                  0.3685                        0.0055                        0.278                         0                             
16:53:22.783                  0.3685                        0.0058                        0.278                         0                             
16:53:22.895                  0.3683                        0.006                         0.278                         0                             
16:53:23.006                  0.3681                        0.006                         0.278                         0                             
16:53:23.119                  0.3679                        0.0061                        0.278                         0                             
16:53:23.231                  0.3678                        0.0061                        0.278                         0                             
16:53:23.327                  0.3677                        0.0059                        0.278                         0                             
16:53:23.438                  0.3676                        0.0058                        0.278                         0                             
16:53:23.551                  0.3677                        0.0057                        0.278                         0                             
16:53:23.663                  0.3677                        0.0059                        0.278                         0                             
16:53:23.775                  0.3677                        0.006                         0.278                         0                             
16:53:23.870                  0.3676                        0.0063                        0.278                         0                             
16:53:23.983                  0.3676                        0.0066                        0.278                         0                             
16:53:24.095                  0.3676                        0.007                         0.278                         0                             
16:53:24.206                  0.3676                        0.0071                        0.278                         0                             
16:53:24.319                  0.3678                        0.0072                        0.278                         0                             
16:53:24.431                  0.368                         0.0073                        0.278                         0                             
16:53:24.543                  0.3682                        0.0073                        0.278                         0                             
16:53:24.655                  0.3685                        0.0072                        0.278                         0                             
16:53:24.769                  0.3688                        0.0071                        0.278                         0                             
16:53:24.863                  0.3689                        0.007                         0.278                         0                             
16:53:24.974                  0.3689                        0.0069                        0.278                         0                             
16:53:25.071                  0.3689                        0.0067                        0.278                         0                             
16:53:25.183                  0.3689                        0.0066                        0.278                         0                             
16:53:25.279                  0.3689                        0.0065                        0.278                         0                             
16:53:25.376                  0.3688                        0.0065                        0.278                         0                             
16:53:25.487                  0.3688                        0.0066                        0.278                         0                             
16:53:25.598                  0.3689                        0.0067                        0.278                         0                             
16:53:25.694                  0.3691                        0.0068                        0.278                         0                             
16:53:25.806                  0.3692                        0.0068                        0.278                         0                             
16:53:25.918                  0.3693                        0.0068                        0.278                         0                             
16:53:26.030                  0.3694                        0.0067                        0.278                         0                             
16:53:26.143                  0.3694                        0.0065                        0.278                         0                             
16:53:26.254                  0.3693                        0.0064                        0.278                         0                             
16:53:26.366                  0.3694                        0.0063                        0.278                         0                             
16:53:26.462                  0.3693                        0.0064                        0.278                         0                             
16:53:26.574                  0.3693                        0.0064                        0.278                         0                             
16:53:26.686                  0.3691                        0.0065                        0.278                         0                             
16:53:26.797                  0.3691                        0.0066                        0.278                         0                             
16:53:26.910                  0.369                         0.0067                        0.278                         0                             
16:53:27.022                  0.3689                        0.0068                        0.278                         0                             
16:53:27.117                  0.3686                        0.0067                        0.278                         0                             
16:53:27.229                  0.3684                        0.0067                        0.278                         0                             
16:53:27.342                  0.3683                        0.0067                        0.278                         0                             
16:53:27.453                  0.3682                        0.0068                        0.278                         0                             
16:53:27.550                  0.278                         
16:53:28.461                  0.3689                        0.0069                        0.278                         0                             
16:53:28.558                  0.3689                        0.0069                        0.278                         0                             
16:53:28.701                  0.3688                        0.0069                        0.278                         0                             
16:53:28.813                  0.3688                        0.0067                        0.278                         0                             
16:53:28.942                  0.3688                        0.0065                        0.278                         0                             
16:53:29.053                  0.3689                        0.0063                        0.278                         0                             
16:53:29.149                  0.3689                        0.0062                        0.278                         0                             
16:53:29.293                  0.3688                        0.0059                        0.278                         0                             
16:53:29.405                  0.3686                        0.0058                        0.278                         0                             
16:53:29.533                  0.3685                        0.0059                        0.278                         0                             
16:53:29.645                  0.3686                        0.006                         0.278                         0                             
16:53:29.773                  0.3687                        0.0063                        0.278                         0                             
16:53:29.885                  0.3688                        0.0066                        0.278                         0                             
16:53:29.997                  0.3689                        0.0068                        0.278                         0                             
16:53:30.125                  0.3691                        0.0071                        0.278                         0                             
16:53:30.237                  0.3691                        0.0071                        0.278                         0                             
16:53:30.365                  0.3689                        0.0071                        0.278                         0                             
16:53:30.477                  0.3688                        0.007                         0.278                         0                             
16:53:30.589                  0.3686                        0.0067                        0.278                         0                             
16:53:30.717                  0.3686                        0.0064                        0.278                         0                             
16:53:30.829                  0.3686                        0.0061                        0.278                         0                             
16:53:30.957                  0.3687                        0.0058                        0.278                         0                             
16:53:31.069                  0.369                         0.0057                        0.278                         0                             
16:53:31.164                  0.3693                        0.0056                        0.278                         0                             
16:53:31.308                  0.3694                        0.0057                        0.278                         0                             
16:53:31.420                  0.3695                        0.0058                        0.278                         0                             
16:53:31.548                  0.3696                        0.006                         0.278                         0                             
16:53:31.660                  0.3697                        0.0061                        0.278                         0                             
16:53:31.788                  0.3697                        0.0062                        0.278                         0                             
16:53:31.900                  0.3697                        0.0063                        0.278                         0                             
16:53:32.012                  0.3697                        0.0064                        0.278                         0                             
16:53:32.141                  0.3696                        0.0066                        0.278                         0                             
16:53:32.252                  0.3694                        0.0067                        0.278                         0                             
16:53:32.380                  0.3693                        0.0069                        0.278                         0                             
16:53:32.492                  0.3692                        0.0069                        0.278                         0                             
16:53:32.604                  0.3692                        0.0069                        0.228                         0                             
16:53:32.732                  0.3692                        0.0067                        2.991                         0                             
16:53:32.844                  0.3692                        0.0064                        5.372                         0                             
16:53:32.956                  0.3691                        0.0063                        5.131                         0                             
16:53:33.084                  0.3691                        0.0062                        4.443                         0                             
16:53:33.196                  0.369                         0.0062                        1.75                          0                             
16:53:33.309                  0.369                         0.0063                        0.275                         0                             
16:53:33.437                  0.3689                        0.0065                        0.278                         0                             
16:53:33.548                  0.3689                        0.0066                        0.278                         0                             
16:53:33.676                  0.3689                        0.0067                        0.278                         0                             
16:53:33.788                  0.3689                        0.0066                        0.278                         0                             
16:53:33.900                  0.369                         0.0065                        0.278                         0                             
16:53:34.028                  0.369                         0.0064                        0.278                         0                             
16:53:34.140                  0.3689                        0.0063                        0.278                         0                             
16:53:34.268                  0.3689                        0.0063                        0.278                         0                             
16:53:34.380                  0.3688                        0.0062                        0.278                         0                             
16:53:34.476                  0.3687                        0.0062                        0.278                         0                             
16:53:34.620                  0.3687                        0.0063                        0.278                         0                             
16:53:34.731                  0.3687                        0.0064                        0.278                         0                             
16:53:34.860                  0.3687                        0.0064                        0.278                         0                             
16:53:34.972                  0.3688                        0.0064                        0.278                         0                             
16:53:35.100                  0.369                         0.0063                        0.278                         0                             
16:53:35.212                  0.3691                        0.0062                        0.278                         0                             
16:53:35.324                  0.3693                        0.0061                        0.278                         0                             
16:53:35.452                  0.3693                        0.006                         0.278                         0                             
16:53:35.564                  0.3694                        0.0059                        0.278                         0                             
16:53:35.659                  0.3695                        0.0059                        0.278                         0                             
16:53:35.804                  0.3695                        0.006                         0.278                         0                             
16:53:35.916                  0.3695                        0.0063                        0.278                         0                             
16:53:36.044                  0.3693                        0.0066                        0.278                         0                             
16:53:36.156                  0.3693                        0.007                         0.278                         0                             
16:53:36.284                  0.3693                        0.0072                        0.278                         0                             
16:53:36.396                  0.3694                        0.0075                        0.278                         0                             
16:53:36.508                  0.3694                        0.0075                        0.278                         0                             
16:53:36.635                  0.3694                        0.0073                        0.278                         0                             
16:53:36.747                  0.3694                        0.007                         0.278                         0                             
16:53:36.875                  0.3692                        0.0068                        0.278                         0                             
16:53:36.987                  0.3689                        0.0065                        0.278                         0                             
16:53:37.083                  0.3687                        0.0066                        0.278                         0                             
16:53:37.227                  0.3686                        0.0067                        0.278                         0                             
16:53:37.339                  0.3686                        0.007                         0.278                         0                             
16:53:37.468                  0.3687                        0.0071                        0.278                         0                             
16:53:37.580                  0.3688                        0.0071                        0.278                         0                             
16:53:37.707                  0.369                         0.0071                        0.278                         0                             
16:53:37.819                  0.3689                        0.007                         0.278                         0                             
16:53:37.931                  0.3689                        0.007                         0.278                         0                             
16:53:38.059                  0.3689                        0.007                         0.278                         0                             
16:53:38.171                  0.3687                        0.007                         0.278                         0                             
16:53:38.267                  0.3684                        0.0071                        0.278                         0                             
16:53:38.411                  0.3685                        0.0071                        0.278                         0                             
16:53:38.523                  0.3685                        0.007                         0.278                         0                             
16:53:38.651                  0.3686                        0.0068                        0.278                         0                             
16:53:38.763                  0.3687                        0.0067                        0.278                         0                             
16:53:38.859                  0.369                         0.0064                        0.278                         0                             
16:53:39.002                  0.3692                        0.0063                        0.278                         0                             
16:53:39.115                  0.3692                        0.0064                        0.278                         0                             
16:53:39.243                  0.3692                        0.0064                        0.278                         0                             
16:53:39.355                  0.3692                        0.0063                        0.278                         0                             
16:53:39.467                  0.3692                        0.0063                        0.278                         0                             
16:53:39.595                  0.3691                        0.0064                        0.278                         0                             
16:53:39.706                  0.3692                        0.0062                        0.278                         0                             
16:53:39.834                  0.3693                        0.0061                        0.278                         0                             
16:53:39.947                  0.3693                        0.006                         0.278                         0                             
16:53:40.042                  0.3694                        0.0061                        0.278                         0                             
16:53:40.186                  0.3697                        0.0061                        0.278                         0                             
16:53:40.298                  0.3698                        0.0061                        0.278                         0                             
16:53:40.427                  0.3698                        0.0063                        0.278                         0                             
16:53:40.538                  0.3699                        0.0065                        0.278                         0                             
16:53:40.634                  0.3698                        0.0066                        0.278                         0                             
16:53:40.778                  0.3697                        0.0067                        0.278                         0                             
16:53:40.891                  0.3695                        0.0068                        0.278                         0                             
16:53:41.018                  0.3693                        0.0068                        0.278                         0                             
16:53:41.130                  0.3691                        0.0068                        0.278                         0                             
16:53:41.267                  
