Specimen_AllReader_Record25 No ,  

Time (h.m.s.ms),              ID:3 R1 (X)                   ID:3 R1 (Y)                   R2 D (cm)                     
14:56:35.873                  1.55                          -0.1951                       0.299                         
14:56:36.865                  1.5496                        -0.1953                       0.299                         
14:56:37.871                  1.5504                        -0.195                        0.299                         
14:56:38.873                  1.5501                        -0.1957                       0.299                         
14:56:39.898                  1.549                         -0.1946                       0.299                         
14:56:40.909                  1.5494                        -0.1943                       0.298                         
14:56:41.901                  1.5499                        -0.195                        0.299                         
14:56:41.996                  1.5497                        -0.1951                       0.299                         
14:56:42.108                  1.5496                        -0.1952                       0.299                         
14:56:42.220                  1.5494                        -0.1954                       0.299                         
14:56:42.298                  1.5493                        -0.1954                       0.299                         
14:56:42.422                  1.5492                        -0.1955                       0.299                         
14:56:42.536                  1.5491                        -0.1958                       0.299                         
14:56:42.611                  1.5492                        -0.196                        0.298                         
14:56:42.744                  1.5491                        -0.196                        0.299                         
14:56:42.820                  1.5491                        -0.196                        0.299                         
14:56:42.940                  1.5491                        -0.196                        0.299                         
14:56:43.063                  1.5492                        -0.196                        0.299                         
14:56:43.148                  1.5494                        -0.1957                       0.299                         
14:56:43.250                  1.5495                        -0.1953                       0.299                         
14:56:43.356                  1.5496                        -0.1951                       0.299                         
14:56:43.468                  1.5497                        -0.1949                       0.298                         
14:56:43.575                  1.5497                        -0.1946                       0.299                         
14:56:43.687                  1.5497                        -0.1944                       0.299                         
14:56:43.780                  1.5495                        -0.1944                       0.299                         
14:56:43.899                  1.5496                        -0.1945                       0.299                         
14:56:44.002                  1.5496                        -0.1947                       0.299                         
14:56:44.135                  1.5497                        -0.1949                       0.299                         
14:56:44.209                  1.5498                        -0.195                        0.299                         
14:56:44.322                  1.5498                        -0.195                        0.299                         
14:56:44.454                  1.5499                        -0.1948                       0.298                         
14:56:44.530                  1.5499                        -0.1945                       0.299                         
14:56:44.642                  1.5498                        -0.1943                       0.299                         
14:56:44.773                  1.5497                        -0.194                        0.299                         
14:56:44.859                  1.5497                        -0.1938                       0.298                         
14:56:44.962                  1.5497                        -0.1939                       0.299                         
14:56:45.064                  1.5499                        -0.1939                       0.299                         
14:56:45.207                  1.5499                        -0.1941                       0.299                         
14:56:45.281                  1.5499                        -0.1944                       0.299                         
14:56:45.393                  1.5498                        -0.1945                       0.299                         
14:56:45.526                  1.5497                        -0.1947                       0.299                         
14:56:45.601                  1.5496                        -0.1949                       0.298                         
14:56:45.714                  1.5494                        -0.195                        0.299                         
14:56:45.810                  1.5493                        -0.1951                       0.299                         
14:56:45.929                  1.5493                        -0.1951                       0.299                         
14:56:46.032                  1.5495                        -0.195                        0.299                         
14:56:46.165                  1.5495                        -0.1949                       0.299                         
14:56:46.250                  1.5497                        -0.1948                       0.299                         
14:56:46.362                  1.5498                        -0.1947                       0.299                         
14:56:46.484                  1.5499                        -0.1945                       0.299                         
14:56:46.570                  1.55                          -0.1945                       0.299                         
14:56:46.672                  1.5499                        -0.1945                       0.299                         
14:56:46.805                  1.5499                        -0.1944                       0.299                         
14:56:46.889                  1.5499                        -0.1944                       0.299                         
14:56:46.992                  1.5499                        -0.1944                       0.298                         
14:56:47.095                  1.55                          -0.1946                       0.298                         
14:56:47.209                  1.55                          -0.1947                       0.299                         
14:56:47.320                  1.55                          -0.1949                       0.299                         
14:56:47.433                  1.5501                        -0.1951                       0.299                         
14:56:47.555                  1.5502                        -0.1952                       0.299                         
14:56:47.631                  1.5502                        -0.1953                       0.299                         
14:56:47.744                  1.55                          -0.1953                       0.299                         
14:56:47.877                  1.5498                        -0.1952                       0.299                         
14:56:47.960                  1.5495                        -0.1951                       0.299                         
14:56:48.063                  1.5492                        -0.195                        0.299                         
14:56:48.195                  1.549                         -0.195                        0.299                         
14:56:48.280                  1.5486                        -0.195                        0.299                         
14:56:48.392                  1.5485                        -0.1951                       0.299                         
14:56:48.520                  1.5486                        -0.1951                       0.299                         
14:56:48.600                  1.5488                        -0.1952                       0.299                         
14:56:48.712                  1.5489                        -0.1951                       0.299                         
14:56:48.799                  1.5491                        -0.195                        0.299                         
14:56:48.912                  1.5494                        -0.1949                       0.299                         
14:56:49.032                  1.5496                        -0.1948                       0.299                         
14:56:49.144                  1.5498                        -0.1948                       0.299                         
14:56:49.240                  1.5499                        -0.1948                       0.299                         
14:56:49.351                  1.5501                        -0.1949                       0.299                         
14:56:49.461                  1.5502                        -0.1951                       0.299                         
14:56:49.543                  1.5501                        -0.1952                       0.299                         
14:56:49.667                  1.55                          -0.1952                       0.298                         
14:56:49.780                  1.55                          -0.1951                       0.299                         
14:56:49.872                  1.5499                        -0.1949                       0.299                         
14:56:49.986                  1.5498                        -0.1948                       0.299                         
14:56:50.099                  1.5497                        -0.1946                       0.299                         
14:56:50.199                  1.5496                        -0.1943                       0.299                         
14:56:50.311                  1.5496                        -0.1943                       0.299                         
14:56:50.414                  1.5495                        -0.1942                       0.298                         
14:56:50.532                  1.5494                        -0.1942                       0.299                         
14:56:50.595                  1.5492                        -0.1944                       0.299                         
14:56:50.742                  1.549                         -0.1946                       0.299                         
14:56:50.854                  1.5488                        -0.1949                       0.299                         
14:56:50.935                  1.5486                        -0.1951                       0.299                         
14:56:51.061                  1.5485                        -0.1951                       0.299                         
14:56:51.143                  1.5483                        -0.1951                       0.299                         
14:56:51.255                  1.5482                        -0.1951                       0.299                         
14:56:51.376                  1.5482                        -0.1949                       0.299                         
14:56:51.462                  1.5483                        -0.1948                       0.299                         
14:56:51.565                  1.5483                        -0.1948                       0.299                         
14:56:51.697                  1.5485                        -0.195                        0.299                         
14:56:51.781                  1.5487                        -0.1952                       0.298                         
14:56:51.894                  1.549                         -0.1954                       0.298                         
14:56:52.017                  1.5491                        -0.1954                       0.299                         
14:56:52.092                  1.5492                        -0.1954                       0.299                         
14:56:52.214                  1.5493                        -0.1952                       0.298                         
14:56:52.310                  1.5494                        -0.195                        0.299                         
14:56:52.421                  1.5493                        -0.1947                       0.299                         
14:56:52.528                  1.5494                        -0.1944                       0.299                         
14:56:52.613                  1.5495                        -0.1942                       0.299                         
14:56:52.707                  1.5494                        -0.1942                       0.299                         
14:56:52.854                  1.5494                        -0.1942                       0.299                         
14:56:52.934                  1.5494                        -0.194                        0.299                         
14:56:53.045                  1.5495                        -0.194                        0.299                         
14:56:53.140                  1.5494                        -0.194                        0.299                         
14:56:53.252                  1.5493                        -0.1939                       0.299                         
14:56:53.364                  1.5494                        -0.1938                       0.299                         
14:56:53.445                  1.5496                        -0.1939                       0.299                         
14:56:53.685                  1.5497                        -0.1943                       0.299                         
14:56:53.796                  1.5498                        -0.1945                       0.299                         
14:56:53.892                  1.5499                        -0.1945                       0.299                         
14:56:54.004                  1.5499                        -0.1945                       0.299                         
14:56:54.084                  1.5498                        -0.1944                       0.299                         
14:56:54.196                  1.5496                        -0.1943                       0.299                         
14:56:54.318                  1.5495                        -0.1942                       0.298                         
14:56:54.404                  1.5494                        -0.1941                       0.299                         
14:56:54.508                  1.5494                        -0.1942                       0.299                         
14:56:54.639                  1.5493                        -0.1943                       0.299                         
14:56:54.715                  1.5493                        -0.1946                       0.299                         
14:56:54.837                  1.5493                        -0.1948                       0.299                         
14:56:54.948                  1.5493                        -0.195                        0.299                         
14:56:55.044                  1.5492                        -0.1953                       0.299                         
14:56:55.153                  1.5491                        -0.1955                       0.299                         
14:56:55.226                  1.5491                        -0.1956                       0.299                         
14:56:55.360                  1.5491                        -0.1956                       0.299                         
14:56:55.443                  1.5491                        -0.1956                       0.299                         
14:56:55.546                  1.5491                        -0.1954                       0.299                         
14:56:55.649                  1.5492                        -0.1952                       0.299                         
14:56:55.790                  1.5493                        -0.1948                       0.299                         
14:56:55.875                  1.5494                        -0.1947                       0.299                         
14:56:55.987                  1.5495                        -0.1947                       0.299                         
14:56:56.083                  1.5497                        -0.1948                       0.299                         
14:56:56.195                  1.5498                        -0.1948                       0.299                         
14:56:56.301                  1.55                          -0.1948                       0.299                         
14:56:56.378                  1.5501                        -0.1949                       0.298                         
14:56:56.511                  1.5501                        -0.1949                       0.299                         
14:56:56.623                  1.55                          -0.1947                       0.299                         
14:56:56.722                  1.5497                        -0.1945                       0.299                         
14:56:56.834                  1.5494                        -0.1944                       0.299                         
14:56:56.946                  1.5491                        -0.1943                       0.299                         
14:56:57.027                  1.5487                        -0.1944                       0.299                         
14:56:57.155                  1.5484                        -0.1943                       0.298                         
14:56:57.234                  1.5483                        -0.1945                       0.299                         
14:56:57.346                  1.5483                        -0.1947                       0.299                         
14:56:57.442                  1.5485                        -0.1949                       0.299                         
14:56:57.554                  1.5486                        -0.1951                       0.299                         
14:56:57.661                  1.5487                        -0.1951                       0.299                         
14:56:57.746                  1.5489                        -0.1952                       0.298                         
14:56:57.874                  1.5491                        -0.1953                       0.299                         
14:56:57.954                  1.5491                        -0.1954                       0.299                         
14:56:58.066                  1.549                         -0.1954                       0.299                         
14:56:58.171                  1.5489                        -0.1954                       0.299                         
14:56:58.273                  1.5489                        -0.1954                       0.299                         
14:56:58.385                  1.5489                        -0.1954                       0.299                         
14:56:58.465                  1.5488                        -0.1953                       0.299                         
14:56:58.557                  1.5488                        -0.1952                       0.299                         
14:56:58.664                  1.5489                        -0.1949                       0.299                         
14:56:58.778                  1.5491                        -0.1946                       0.299                         
14:56:58.894                  1.5493                        -0.1945                       0.299                         
14:56:58.986                  1.5493                        -0.1947                       0.298                         
14:56:59.132                  1.5493                        -0.1948                       0.299                         
14:56:59.208                  1.5493                        -0.1949                       0.299                         
14:56:59.346                  1.5492                        -0.1952                       0.299                         
14:56:59.457                  1.5491                        -0.1954                       0.299                         
14:56:59.529                  1.549                         -0.1955                       0.299                         
14:56:59.666                  1.5489                        -0.1955                       0.299                         
