Specimen_AllReader_Record6 No ,  

Time (h.m.s.ms),              ID:3 R1 (X)                   ID:3 R1 (Y)                   ID:8 R2 (X)                   ID:8 R2 (Y)                   ID:7 R3 (X)                   ID:7 R3 (Y)                   ID:6 R4 (X)                   ID:6 R4 (Y)                   
13:19:19.766                  3.558                         -0.4193                       0.67                          -3.621                        0.47                          -1.7421                       1.7533                        -0.5316                       
13:19:20.775                  3.558                         -0.4192                       0.6703                        -3.6198                       0.4697                        -1.7426                       1.7531                        -0.5311                       
13:19:21.783                  3.5572                        -0.4202                       0.6693                        -3.6204                       0.4703                        -1.7428                       1.753                         -0.5316                       
13:19:35.055                  3.5535                        -0.4184                       0.67                          -3.6201                       0.4695                        -1.743                        1.7516                        -0.5314                       -1.5395                       -17.5449                      
13:19:36.053                  3.5541                        -0.4181                       0.6708                        -3.6207                       0.4702                        -1.7429                       1.7522                        -0.5311                       -1.5404                       -17.545                       
13:19:37.065                  3.553                         -0.4182                       0.6712                        -3.6204                       0.4699                        -1.7438                       1.7516                        -0.5308                       -1.5401                       -17.5454                      
13:19:40.220                  3.5532                        -0.4184                       0.6698                        -3.6195                       0.4697                        -1.7427                       1.7514                        -0.5307                       -1.54                         -17.5459                      
13:19:41.228                  3.5525                        -0.4175                       0.6714                        -3.6194                       0.4714                        -1.7432                       1.7528                        -0.5318                       -1.5393                       -17.5443                      
13:19:42.218                  3.5523                        -0.418                        0.6715                        -3.6201                       0.4693                        -1.7429                       1.7517                        -0.5306                       -1.54                         -17.5448                      
13:19:43.222                  3.5527                        -0.4179                       0.6704                        -3.6196                       0.4697                        -1.7432                       1.7517                        -0.5311                       -1.5408                       -17.5453                      
13:19:44.234                  3.553                         -0.4186                       0.6711                        -3.6195                       0.47                          -1.7436                       1.7519                        -0.5305                       -1.5412                       -17.5452                      
13:19:45.240                  3.5514                        -0.4175                       0.669                         -3.6202                       0.4699                        -1.7435                       1.7525                        -0.531                        -1.5401                       -17.5446                      
13:19:46.231                  3.5501                        -0.4191                       0.6701                        -3.6194                       0.4704                        -1.7429                       1.7519                        -0.5307                       -1.5399                       -17.5452                      
13:19:47.237                  3.5499                        -0.4181                       0.6697                        -3.6199                       0.4694                        -1.7432                       1.7515                        -0.5312                       -1.5406                       -17.5451                      
13:19:48.246                  3.5495                        -0.418                        0.6708                        -3.6204                       0.4696                        -1.7424                       1.7523                        -0.5313                       -1.5395                       -17.5448                      
13:19:49.244                  3.5502                        -0.4179                       0.6708                        -3.6198                       0.4698                        -1.7428                       1.7516                        -0.5316                       -1.5401                       -17.5448                      
13:19:50.272                  3.5505                        -0.4171                       0.6707                        -3.6192                       0.4698                        -1.7422                       1.7523                        -0.5312                       -1.5402                       -17.5451                      
13:19:51.280                  3.5498                        -0.4177                       0.671                         -3.62                         0.4693                        -1.7434                       1.7519                        -0.5307                       -1.5402                       -17.5451                      
13:19:52.284                  3.5484                        -0.4177                       0.6702                        -3.6196                       0.4698                        -1.7426                       1.7523                        -0.5315                       -1.5407                       -17.5444                      
13:19:53.290                  3.5492                        -0.4176                       0.6708                        -3.619                        0.4694                        -1.7433                       1.7521                        -0.5314                       -1.5393                       -17.5443                      
13:19:54.306                  3.5485                        -0.4175                       0.671                         -3.6189                       0.4712                        -1.7423                       1.7513                        -0.5315                       -1.5414                       -17.5438                      
13:19:55.317                  3.5486                        -0.4164                       0.6709                        -3.6196                       0.4709                        -1.743                        1.7517                        -0.5314                       -1.5414                       -17.5438                      
13:19:56.297                  3.5478                        -0.4178                       0.6703                        -3.6182                       0.47                          -1.7423                       1.7508                        -0.5306                       -1.54                         -17.5442                      
13:19:57.377                  3.5487                        -0.4177                       0.6719                        -3.6186                       0.4706                        -1.7431                       1.7513                        -0.5304                       -1.5401                       -17.5446                      
13:19:58.335                  3.5481                        -0.4176                       0.6708                        -3.618                        0.4697                        -1.7425                       1.7514                        -0.5307                       -1.541                        -17.5441                      
13:19:59.341                  3.5468                        -0.4171                       0.6702                        -3.6198                       0.4696                        -1.7426                       1.7524                        -0.5309                       -1.5399                       -17.5451                      
13:20:00.334                  3.5475                        -0.4172                       0.6718                        -3.6198                       0.4713                        -1.7414                       1.7517                        -0.5312                       -1.5399                       -17.5449                      
13:20:02.701                  3.5462                        -0.4176                       0.67                          -3.6175                       0.4707                        -1.7421                       1.7522                        -0.5308                       -1.5404                       -17.5443                      0.3                           
13:20:03.703                  3.5464                        -0.4162                       0.6708                        -3.6196                       0.4702                        -1.7417                       1.7512                        -0.5312                       -1.5408                       -17.5437                      0.3                           
13:20:04.728                  3.5464                        -0.416                        0.6707                        -3.6184                       0.4695                        -1.7414                       1.7522                        -0.5303                       -1.54                         -17.5443                      0.299                         
13:20:05.738                  3.5456                        -0.4172                       0.6702                        -3.6179                       0.4698                        -1.7422                       1.7518                        -0.5313                       -1.5393                       -17.5438                      0.3                           
13:20:06.730                  3.5453                        -0.4172                       0.6703                        -3.6179                       0.4709                        -1.7426                       1.7508                        -0.5312                       -1.5404                       -17.5437                      0.3                           
13:20:07.738                  3.5447                        -0.4166                       0.6704                        -3.6181                       0.4703                        -1.7422                       1.751                         -0.5303                       -1.5397                       -17.5445                      0.3                           
13:20:08.728                  3.5448                        -0.4158                       0.6701                        -3.6187                       0.4691                        -1.7427                       1.7513                        -0.5307                       -1.5398                       -17.5436                      0.3                           
13:20:09.728                  3.5441                        -0.4172                       0.6708                        -3.6191                       0.4697                        -1.7424                       1.7506                        -0.5305                       -1.5405                       -17.5442                      0.3                           
13:20:10.786                  3.5446                        -0.417                        0.6706                        -3.6187                       0.4703                        -1.7421                       1.7509                        -0.5312                       -1.5404                       -17.5456                      0.3                           
13:20:11.761                  3.5436                        -0.4165                       0.6705                        -3.6189                       0.4702                        -1.7427                       1.7507                        -0.5303                       -1.5408                       -17.5441                      0.299                         
13:20:12.774                  3.5442                        -0.4165                       0.671                         -3.6174                       0.47                          -1.7424                       1.7514                        -0.5309                       -1.5409                       -17.544                       0.3                           
13:20:13.791                  3.5432                        -0.4159                       0.6709                        -3.6166                       0.4712                        -1.7425                       1.7508                        -0.5308                       -1.5408                       -17.5434                      0.3                           
13:20:14.801                  3.5435                        -0.4162                       0.6703                        -3.6176                       0.4703                        -1.7419                       1.7503                        -0.5298                       -1.5402                       -17.5439                      0.3                           
13:20:15.781                  3.5428                        -0.416                        0.6704                        -3.6173                       0.4705                        -1.7426                       1.7507                        -0.5307                       -1.5393                       -17.5429                      0.3                           
13:20:16.804                  3.5421                        -0.4167                       0.6704                        -3.6176                       0.4706                        -1.7417                       1.7501                        -0.5294                       -1.5398                       -17.5433                      0.299                         
13:20:17.775                  3.5422                        -0.4172                       0.6703                        -3.6181                       0.4716                        -1.7421                       1.7508                        -0.5306                       -1.5403                       -17.5429                      0.3                           
13:20:18.797                  3.5424                        -0.4158                       0.6703                        -3.6177                       0.4713                        -1.742                        1.7503                        -0.5298                       -1.5406                       -17.5436                      0.299                         
13:20:19.810                  3.5417                        -0.4155                       0.6705                        -3.6176                       0.4702                        -1.7422                       1.7498                        -0.531                        -1.5394                       -17.5448                      0.3                           
13:20:20.827                  3.5407                        -0.4155                       0.671                         -3.6173                       0.4704                        -1.742                        1.7503                        -0.5302                       -1.5406                       -17.5427                      0.3                           
13:20:21.838                  3.5419                        -0.415                        0.6715                        -3.6177                       0.4707                        -1.7424                       1.7505                        -0.5301                       -1.5409                       -17.544                       0.299                         
13:20:22.816                  3.5419                        -0.4162                       0.6715                        -3.6177                       0.4703                        -1.7417                       1.7506                        -0.5297                       -1.5401                       -17.5426                      0.3                           
13:20:23.839                  3.5403                        -0.4157                       0.6709                        -3.6173                       0.4708                        -1.7425                       1.7504                        -0.5305                       -1.5401                       -17.5433                      0.299                         
13:20:24.839                  3.54                          -0.4163                       0.6709                        -3.617                        0.4705                        -1.7417                       1.7503                        -0.53                         -1.5401                       -17.5434                      0.3                           
13:20:25.868                  3.5399                        -0.4152                       0.6708                        -3.6169                       0.4719                        -1.742                        1.7501                        -0.5295                       -1.5407                       -17.5436                      0.299                         
13:20:26.868                  3.5399                        -0.4152                       0.6702                        -3.6171                       0.4706                        -1.7417                       1.7499                        -0.5288                       -1.5409                       -17.5432                      0.3                           
13:20:27.868                  3.5396                        -0.4155                       0.6704                        -3.6168                       0.4715                        -1.7418                       1.7496                        -0.5301                       -1.5405                       -17.5428                      0.3                           
13:20:28.907                  3.5388                        -0.4154                       0.6706                        -3.6168                       0.4712                        -1.7426                       1.7501                        -0.5291                       -1.5399                       -17.5434                      0.3                           
13:20:29.883                  3.5393                        -0.417                        0.6705                        -3.6171                       0.4704                        -1.7417                       1.75                          -0.5303                       -1.5406                       -17.5428                      0.299                         
13:20:30.903                  3.5389                        -0.4165                       0.671                         -3.6174                       0.4705                        -1.7409                       1.7495                        -0.5287                       -1.5412                       -17.5443                      0.3                           
13:20:31.913                  3.5378                        -0.4151                       0.6707                        -3.6178                       0.4703                        -1.7417                       1.7495                        -0.5298                       -1.54                         -17.542                       0.299                         
13:20:32.922                  3.5379                        -0.4159                       0.6699                        -3.6165                       0.471                         -1.7418                       1.7498                        -0.5311                       -1.54                         -17.5423                      0.3                           
13:20:34.338                  3.5386                        -0.4147                       0.671                         -3.6161                       0.4704                        -1.7424                       1.7497                        -0.5302                       -1.5421                       -17.5436                      0.3                           0                             5.4825                        0.6324                        
13:20:35.348                  3.5385                        -0.4159                       0.671                         -3.6166                       0.4716                        -1.7421                       1.7502                        -0.5311                       -1.5398                       -17.5429                      0.3                           0                             5.4829                        0.6331                        
13:20:36.368                  3.5368                        -0.4147                       0.6701                        -3.616                        0.471                         -1.7416                       1.7499                        -0.5303                       -1.5398                       -17.5431                      0.299                         0                             5.482                         0.6318                        
13:20:37.348                  3.5365                        -0.4156                       0.6703                        -3.617                        0.4704                        -1.7422                       1.7504                        -0.5309                       -1.5399                       -17.5428                      0.3                           0                             5.4829                        0.6321                        
13:20:38.373                  3.5371                        -0.4157                       0.6704                        -3.6163                       0.4706                        -1.7432                       1.7488                        -0.5297                       -1.5411                       -17.5419                      0.299                         0                             5.4806                        0.6319                        
13:20:39.373                  3.5361                        -0.4152                       0.6711                        -3.6166                       0.4704                        -1.7421                       1.7503                        -0.5301                       -1.5409                       -17.5434                      0.3                           0                             5.4816                        0.6323                        
13:20:40.363                  3.5353                        -0.4156                       0.6698                        -3.6174                       0.4712                        -1.7419                       1.7495                        -0.5308                       -1.541                        -17.5437                      0.299                         0                             5.4815                        0.6315                        
13:20:41.403                  3.5361                        -0.4146                       0.6707                        -3.6161                       0.4716                        -1.7414                       1.7497                        -0.5304                       -1.5405                       -17.5412                      0.299                         0                             5.4813                        0.6323                        
13:20:42.403                  3.5363                        -0.4145                       0.671                         -3.6165                       0.471                         -1.742                        1.7495                        -0.53                         -1.5395                       -17.5429                      0.3                           0                             5.4809                        0.6321                        
13:20:43.403                  3.5349                        -0.4145                       0.6704                        -3.6159                       0.4713                        -1.7422                       1.7492                        -0.5295                       -1.5407                       -17.5432                      0.3                           0                             5.4807                        0.6314                        
13:20:46.178                  3.5334                        -0.4158                       0.6705                        -3.6158                       0.4691                        -1.7415                       1.7494                        -0.5303                       -1.5406                       -17.5431                      0.3                           0                             5.4806                        0.6315                        
13:20:47.164                  3.5335                        -0.4153                       0.6704                        -3.6161                       0.4699                        -1.7418                       1.7493                        -0.5301                       -1.541                        -17.5423                      0.3                           0                             5.4798                        0.6304                        
13:20:48.174                  3.5328                        -0.4153                       0.6704                        -3.6154                       0.4706                        -1.7417                       1.75                          -0.5292                       -1.5422                       -17.5433                      0.3                           0                             5.4798                        0.6312                        
13:20:49.194                  3.532                         -0.4156                       0.6708                        -3.6164                       0.4702                        -1.7405                       1.749                         -0.5291                       -1.5417                       -17.5417                      0.3                           0                             5.4786                        0.6303                        
13:20:50.203                  3.532                         -0.4151                       0.67                          -3.6152                       0.4707                        -1.741                        1.7493                        -0.5294                       -1.5412                       -17.5435                      0.299                         0                             5.4797                        0.6308                        
13:20:51.203                  3.5335                        -0.4148                       0.6696                        -3.616                        0.4703                        -1.7411                       1.749                         -0.5299                       -1.5419                       -17.542                       0.299                         0                             5.4794                        0.6303                        
13:20:52.237                  3.5333                        -0.4141                       0.6706                        -3.6158                       0.4703                        -1.7412                       1.7493                        -0.5295                       -1.5407                       -17.5426                      0.3                           0                             5.4793                        0.6311                        
13:20:53.243                  3.5327                        -0.4148                       0.6707                        -3.6151                       0.4703                        -1.7421                       1.749                         -0.5292                       -1.5413                       -17.5437                      0.299                         0                             5.4797                        0.6309                        
13:20:54.227                  3.5327                        -0.4152                       0.6712                        -3.6156                       0.4704                        -1.7411                       1.7486                        -0.5303                       -1.5412                       -17.5419                      0.3                           0                             5.4787                        0.6309                        
13:20:55.210                  3.5313                        -0.4138                       0.6708                        -3.6149                       0.4705                        -1.7408                       1.7489                        -0.5296                       -1.5416                       -17.5435                      0.3                           0                             5.4787                        0.6303                        
13:20:56.234                  3.5312                        -0.4144                       0.6704                        -3.6155                       0.4699                        -1.7417                       1.7495                        -0.5298                       -1.542                        -17.5425                      0.299                         0                             5.4783                        0.6301                        
13:20:57.235                  3.5311                        -0.4131                       0.6704                        -3.615                        0.4704                        -1.7418                       1.7491                        -0.5302                       -1.5404                       -17.5427                      0.299                         0                             5.4785                        0.6307                        
13:20:57.529                  3.5311                        -0.4139                       0.6703                        -3.6151                       0.4707                        -1.7419                       1.7489                        -0.5305                       -1.5404                       -17.5432                      0.299                         0                             5.4788                        0.6306                        
13:20:57.799                  3.5307                        -0.4143                       0.6704                        -3.6149                       0.4711                        -1.7417                       1.7491                        -0.5305                       -1.5408                       -17.5438                      0.3                           0                             5.4782                        0.63                          
13:20:58.069                  3.5305                        -0.4144                       0.6708                        -3.6146                       0.4713                        -1.7416                       1.7487                        -0.5303                       -1.5416                       -17.5432                      0.3                           0                             5.4773                        0.6297                        
13:20:58.359                  3.5303                        -0.414                        0.6709                        -3.615                        0.4711                        -1.7415                       1.7481                        -0.5302                       -1.5418                       -17.5423                      0.3                           0                             5.4774                        0.6302                        
13:20:58.633                  3.5299                        -0.4138                       0.6705                        -3.6151                       0.4708                        -1.7412                       1.7471                        -0.5296                       -1.5414                       -17.5415                      0.3                           0                             5.4785                        0.6307                        
13:20:58.937                  3.5299                        -0.4138                       0.6703                        -3.615                        0.471                         -1.7412                       1.7471                        -0.5291                       -1.5407                       -17.5409                      0.3                           0                             5.4792                        0.6311                        
13:20:59.237                  3.5302                        -0.414                        0.6705                        -3.615                        0.4715                        -1.7418                       1.7478                        -0.529                        -1.5402                       -17.5408                      0.299                         0                             5.4793                        0.631                         
13:20:59.507                  3.5306                        -0.4141                       0.6707                        -3.6151                       0.4717                        -1.7425                       1.748                         -0.5291                       -1.5399                       -17.5418                      0.3                           0                             5.4795                        0.6309                        
13:20:59.801                  3.5302                        -0.4142                       0.6706                        -3.6153                       0.4716                        -1.7426                       1.7479                        -0.5294                       -1.5399                       -17.5428                      0.3                           0                             5.4792                        0.6307                        
13:21:00.072                  3.5295                        -0.4147                       0.6703                        -3.6149                       0.4713                        -1.7422                       1.7473                        -0.5298                       -1.5401                       -17.5431                      0.3                           0                             5.4787                        0.6304                        
13:21:00.359                  3.5297                        -0.4148                       0.6696                        -3.6142                       0.4705                        -1.7413                       1.7473                        -0.5303                       -1.5405                       -17.5428                      0.3                           0                             5.4787                        0.6301                        
13:21:00.627                  3.5307                        -0.4143                       0.6696                        -3.614                        0.4697                        -1.7409                       1.7478                        -0.5302                       -1.5411                       -17.5424                      0.3                           0                             5.4792                        0.63                          
13:21:00.897                  3.5311                        -0.4139                       0.6699                        -3.6142                       0.4698                        -1.7411                       1.7484                        -0.5297                       -1.5413                       -17.5424                      0.3                           0                             5.4798                        0.6296                        
13:21:01.191                  3.5308                        -0.4137                       0.67                          -3.6146                       0.4704                        -1.7409                       1.7486                        -0.5292                       -1.5412                       -17.5425                      0.3                           0                             5.48                          0.6297                        
13:21:01.458                  3.5303                        -0.414                        0.6698                        -3.6147                       0.4708                        -1.7408                       1.7481                        -0.5292                       -1.5412                       -17.5422                      0.3                           0                             5.4803                        0.6301                        
13:21:01.734                  3.5303                        -0.4147                       0.6697                        -3.6144                       0.471                         -1.7409                       1.7481                        -0.5295                       -1.5416                       -17.542                       0.3                           0                             5.4809                        0.6307                        
13:21:02.022                  3.5304                        -0.4155                       0.6702                        -3.6142                       0.471                         -1.7411                       1.7483                        -0.5301                       -1.5421                       -17.5424                      0.3                           0                             5.4806                        0.6311                        
