Specimen_AllReader_Record1 No ,  

Time (h.m.s.ms),              R1 D (cm)                     ID:0 R2 (X)                   ID:0 R2 (Y)                   R3 D (cm)                     R4 T (N·m),                   
18:14:33.455                  0                             0.3679                        0.0075                        0.278                         0                             
18:14:33.567                  0                             0.3681                        0.0074                        0.278                         0                             
18:14:34.607                  0                             0.3678                        0.007                         0.278                         0                             
18:14:35.583                  0                             0.3682                        0.0052                        0.278                         0                             
18:14:36.606                  0                             0.3686                        0.0077                        0.278                         0                             
18:14:37.614                  0                             0.368                         0.0065                        0.278                         0                             
18:14:38.622                  0                             0.368                         0.006                         0.278                         0                             
18:14:39.646                  0                             0.3678                        0.0069                        0.419                         0                             
18:14:40.653                  0                             0.3678                        0.0074                        3.867                         0                             
18:14:41.629                  0                             0.3695                        0.0072                        0.278                         0                             
18:14:42.684                  0                             0.3677                        0.0069                        0.278                         0                             
18:14:43.660                  0                             0.3692                        0.0067                        0.278                         0                             
18:14:44.668                  0                             0.3681                        0.0063                        0.278                         0                             
18:14:45.691                  0                             0.367                         0.0068                        0.279                         0                             
18:14:46.700                  0                             0.3683                        0.0069                        0.278                         0                             
18:14:47.692                  0                             0.3686                        0.0074                        0.278                         0                             
18:14:48.699                  0                             0.369                         0.0064                        0.278                         0                             
18:14:49.739                  0                             0.3689                        0.0068                        0.278                         0                             
18:14:50.715                  0                             0.3691                        0.0071                        0.278                         0                             
18:14:51.738                  0                             0.3688                        0.0067                        0.279                         0                             
18:14:51.835                  0                             0.3688                        0.007                         0.278                         0                             
18:14:51.978                  0                             0.3686                        0.0072                        0.278                         0                             
18:14:52.090                  0                             0.3684                        0.0076                        0.278                         0                             
18:14:52.219                  0                             0.3681                        0.0077                        0.278                         0                             
18:14:52.330                  0                             0.3679                        0.0076                        0.278                         0                             
18:14:52.458                  0                             0.3679                        0.0075                        0.278                         0                             
18:14:52.570                  0                             0.368                         0.0073                        0.278                         0                             
18:14:52.683                  0                             0.3681                        0.007                         0.279                         0                             
18:14:52.810                  0                             0.368                         0.0068                        0.278                         0                             
18:14:52.922                  0                             0.3682                        0.0067                        0.278                         0                             
18:14:53.049                  0                             0.3683                        0.0066                        0.278                         0                             
18:14:53.161                  0                             0.3684                        0.0066                        0.278                         0                             
18:14:53.258                  0                             0.3685                        0.0066                        0.278                         0                             
18:14:53.401                  0                             0.3686                        0.0067                        0.278                         0                             
18:14:53.529                  0                             0.3688                        0.007                         0.278                         0                             
18:14:53.641                  0                             0.3687                        0.0072                        0.278                         0                             
18:14:53.753                  0                             0.3686                        0.0074                        0.279                         0                             
18:14:53.850                  0                             0.3683                        0.0075                        0.278                         0                             
18:14:53.993                  0                             0.368                         0.0077                        0.278                         0                             
18:14:54.105                  0                             0.3677                        0.0076                        0.278                         0                             
18:14:54.233                  0                             0.3675                        0.0073                        0.278                         0                             
18:14:54.345                  0                             0.3674                        0.007                         0.278                         0                             
18:14:54.441                  0                             0.3674                        0.0067                        0.278                         0                             
18:14:54.586                  0                             0.3675                        0.0064                        0.278                         0                             
18:14:54.697                  0                             0.3678                        0.0061                        0.278                         0                             
18:14:54.826                  0                             0.368                         0.0059                        0.279                         0                             
18:14:54.937                  0                             0.3682                        0.006                         0.279                         0                             
18:14:55.065                  0                             0.3686                        0.0061                        0.71                          0                             
18:14:55.177                  0                             0.3689                        0.0061                        2.725                         0                             
18:14:55.290                  0                             0.3689                        0.0061                        0.877                         0                             
18:14:55.418                  0                             0.3688                        0.0061                        0.245                         0                             
18:14:55.529                  0                             0.3687                        0.006                         3.365                         0                             
18:14:55.641                  0                             0.3685                        0.0058                        1.856                         0                             
18:14:55.769                  0                             0.3684                        0.0057                        0.334                         0                             
18:14:55.881                  0                             0.3682                        0.0057                        3.94                          0                             
18:14:55.993                  0                             0.3683                        0.0058                        1.871                         0                             
18:14:56.105                  0                             0.3683                        0.0059                        1.343                         0                             
18:14:56.233                  0                             0.3684                        0.006                         2.113                         0                             
18:14:56.345                  0                             0.3684                        0.0061                        2.121                         0                             
18:14:56.473                  0                             0.3683                        0.0061                        2.121                         0                             
18:14:56.585                  0                             0.3683                        0.0061                        2.121                         0                             
18:14:56.697                  0                             0.3683                        0.006                         2.123                         0                             
18:14:56.824                  0                             0.3683                        0.006                         2.735                         0                             
18:14:56.937                  0                             0.3683                        0.006                         3.201                         0                             
18:14:57.049                  0                             0.3684                        0.006                         3.998                         0                             
18:14:57.145                  0                             0.3686                        0.0062                        3.927                         0                             
18:14:57.289                  0                             0.3686                        0.0064                        0.324                         0                             
18:14:57.385                  0                             0.3686                        0.0065                        0.278                         0                             
18:14:57.529                  0                             0.3686                        0.0067                        0.278                         0                             
18:14:57.641                  0                             0.3685                        0.0069                        0.278                         0                             
18:14:57.768                  0                             0.3681                        0.007                         0.279                         0                             
18:14:57.881                  0                             0.3677                        0.007                         0.279                         0                             
18:14:57.993                  0                             0.3675                        0.007                         2.85                          0                             
18:14:58.120                  0                             0.3672                        0.0071                        4.478                         0                             
18:14:58.232                  0                             0.3672                        0.0068                        0.584                         0                             
18:14:58.360                  0                             0.3673                        0.0067                        3.53                          0                             
18:14:58.472                  0                             0.3677                        0.0066                        4.171                         0                             
18:14:58.585                  0                             0.368                         0.0065                        0.314                         0                             
18:14:58.713                  0                             0.3682                        0.0065                        3.261                         0                             
18:14:58.824                  0                             0.3683                        0.0067                        1.692                         0                             
18:14:58.937                  0                             0.3683                        0.0068                        2.306                         0                             
18:14:59.065                  0                             0.3681                        0.0071                        3.854                         0                             
18:14:59.177                  0                             0.3679                        0.0074                        4.511                         0                             
18:14:59.288                  0                             0.3678                        0.0076                        6.763                         0                             
18:14:59.416                  0                             0.3678                        0.0075                        8.356                         0                             
18:14:59.528                  0                             0.3679                        0.0074                        8.301                         0                             
18:14:59.656                  0                             0.3679                        0.0073                        6.618                         0                             
18:14:59.768                  0                             0.3681                        0.0069                        1.842                         0                             
18:14:59.864                  0                             0.3683                        0.0066                        0.275                         0                             
18:15:00.008                  0                             0.3684                        0.0064                        0.278                         0                             
18:15:00.120                  0                             0.3684                        0.0064                        0.278                         0                             
18:15:00.248                  0                             0.3685                        0.0064                        0.278                         0                             
18:15:00.360                  0                             0.3686                        0.0065                        0.278                         0                             
18:15:00.456                  0                             0.3684                        0.0066                        0.278                         0                             
18:15:00.600                  0                             0.3683                        0.0068                        0.278                         0                             
18:15:00.712                  0                             0.3683                        0.0071                        0.278                         0                             
18:15:00.839                  0                             0.3683                        0.0071                        0.278                         0                             
18:15:00.952                  0                             0.3682                        0.0072                        0.278                         0                             
18:15:01.047                  0                             0.3682                        0.0071                        0.278                         0                             
18:15:01.192                  0                             0.3683                        0.0071                        0.278                         0                             
18:15:01.304                  0                             0.3683                        0.0069                        0.278                         0                             
18:15:01.432                  0                             0.3682                        0.0068                        0.278                         0                             
18:15:01.543                  0                             0.3683                        0.0069                        0.278                         0                             
18:15:01.639                  0                             0.3683                        0.0068                        0.278                         0                             
18:15:01.784                  0                             0.3682                        0.0068                        0.278                         0                             
18:15:01.896                  0                             0.3682                        0.0069                        0.278                         0                             
18:15:02.023                  0                             0.3681                        0.0069                        0.278                         0                             
18:15:02.136                  0                             0.368                         0.0069                        0.278                         0                             
18:15:02.232                  0                             0.3678                        0.0069                        0.278                         0                             
18:15:02.375                  0                             0.3678                        0.007                         0.278                         0                             
18:15:02.487                  0                             0.3676                        0.0071                        0.278                         0                             
18:15:02.616                  0                             0.3675                        0.0072                        0.278                         0                             
18:15:02.727                  0                             0.3673                        0.0074                        0.278                         0                             
18:15:02.824                  0                             0.3671                        0.0074                        0.278                         0                             
18:15:02.968                  0                             0.367                         0.0073                        0.278                         0                             
18:15:03.080                  0                             0.3669                        0.0071                        0.278                         0                             
18:15:03.207                  0                             0.367                         0.007                         0.278                         0                             
18:15:03.320                  0                             0.3671                        0.0068                        0.278                         0                             
18:15:03.415                  0                             
