Specimen_AllReader_Record3 No ,  

Time (h.m.s.ms),              ID:0 R1 (X)                   ID:0 R1 (Y)                   R5 D (cm)                     
15:32:51.662                  0.3696                        -0.0652                       0.294                         
15:32:51.720                  0.3689                        -0.0643                       0.294                         
15:32:52.681                  0.3679                        -0.0642                       0.294                         
15:32:53.671                  0.3685                        -0.0649                       0.294                         
15:32:54.679                  0.3701                        -0.0644                       0.294                         
15:32:55.702                  0.3695                        -0.0644                       0.294                         
15:32:56.709                  0.3697                        -0.0646                       5.546                         
15:32:57.701                  0.3692                        -0.0653                       1.287                         
15:32:58.707                  0.3692                        -0.0652                       0.293                         
15:32:59.715                  0.3693                        -0.0655                       0.293                         
15:33:00.738                  0.3689                        -0.0647                       0.293                         
15:33:01.746                  0.3686                        -0.0636                       0.293                         
15:33:02.737                  0.3695                        -0.0647                       0.293                         
15:33:03.745                  0.3685                        -0.0641                       0.293                         
15:33:04.785                  0.3696                        -0.0639                       0.293                         
15:33:04.865                  0.3698                        -0.0638                       0.293                         
15:33:04.978                  0.3698                        -0.0637                       0.293                         
15:33:05.072                  0.3698                        -0.0636                       0.293                         
15:33:05.184                  0.3698                        -0.0636                       0.293                         
15:33:05.296                  0.3698                        -0.0638                       0.293                         
15:33:05.376                  0.3699                        -0.0639                       0.293                         
15:33:05.504                  0.3698                        -0.0642                       0.293                         
15:33:05.615                  0.3699                        -0.0643                       0.293                         
15:33:05.743                  0.3699                        -0.0646                       0.293                         
15:33:05.823                  0.3698                        -0.0646                       0.293                         
15:33:05.935                  0.3698                        -0.0646                       0.293                         
15:33:06.031                  0.3697                        -0.0645                       0.293                         
15:33:06.143                  0.3695                        -0.0642                       0.293                         
15:33:06.254                  0.3693                        -0.0641                       0.293                         
15:33:06.366                  0.369                         -0.064                        0.293                         
15:33:06.430                  0.3688                        -0.0639                       0.293                         
15:33:06.574                  0.3687                        -0.0639                       0.293                         
15:33:06.655                  0.3685                        -0.0641                       0.293                         
15:33:06.767                  0.3684                        -0.0642                       0.293                         
15:33:06.862                  0.3683                        -0.0643                       0.293                         
15:33:06.975                  0.3684                        -0.0642                       0.293                         
15:33:07.086                  0.3684                        -0.0642                       0.293                         
15:33:07.166                  0.3684                        -0.064                        0.293                         
15:33:07.295                  0.3683                        -0.0637                       0.293                         
15:33:07.374                  0.3682                        -0.0634                       0.293                         
15:33:07.486                  0.3681                        -0.0633                       0.293                         
15:33:07.616                  0.3679                        -0.0633                       0.293                         
15:33:07.694                  0.3677                        -0.0632                       0.293                         
15:33:07.806                  0.3677                        -0.0632                       0.293                         
15:33:07.934                  0.3678                        -0.0631                       0.293                         
15:33:08.014                  0.3679                        -0.063                        0.293                         
15:33:08.126                  0.368                         -0.063                        0.293                         
15:33:08.221                  0.3681                        -0.0629                       0.293                         
15:33:08.333                  0.3682                        -0.0628                       0.293                         
15:33:08.453                  0.3681                        -0.0628                       0.293                         
15:33:08.560                  0.3679                        -0.0629                       0.293                         
15:33:08.653                  0.3678                        -0.0631                       0.293                         
15:33:08.765                  0.3677                        -0.0633                       0.293                         
15:33:08.877                  0.3676                        -0.0636                       0.293                         
15:33:08.974                  0.3677                        -0.064                        0.293                         
15:33:09.085                  0.3677                        -0.0643                       0.293                         
15:33:09.197                  0.3679                        -0.0646                       0.293                         
15:33:09.326                  0.368                         -0.0647                       0.293                         
15:33:09.438                  0.3681                        -0.0647                       0.293                         
15:33:10.487                  0.3683                        -0.0645                       255                           
15:33:10.588                  0.3686                        -0.0647                       0.293                         
15:33:10.682                  0.3686                        -0.0645                       0.293                         
15:33:10.805                  0.3687                        -0.0644                       0.293                         
15:33:10.908                  0.3687                        -0.0641                       0.293                         
15:33:10.988                  0.3685                        -0.0639                       0.293                         
15:33:11.115                  0.3682                        -0.0638                       0.293                         
15:33:11.227                  0.368                         -0.0639                       0.293                         
15:33:11.339                  0.368                         -0.064                        0.293                         
15:33:11.451                  0.3679                        -0.064                        0.293                         
15:33:11.579                  0.3681                        -0.0641                       0.293                         
15:33:11.659                  0.3683                        -0.0642                       0.293                         
15:33:11.771                  0.3685                        -0.0641                       0.293                         
15:33:11.867                  0.3686                        -0.0641                       0.293                         
15:33:11.980                  0.3685                        -0.0639                       0.293                         
15:33:12.091                  0.3685                        -0.0639                       0.293                         
15:33:12.171                  0.3683                        -0.0639                       0.293                         
15:33:12.299                  0.368                         -0.0639                       0.293                         
15:33:12.411                  0.3679                        -0.0639                       0.293                         
15:33:12.507                  0.368                         -0.0639                       0.293                         
15:33:12.619                  0.3681                        -0.064                        0.293                         
15:33:12.730                  0.3683                        -0.064                        0.293                         
15:33:12.842                  0.3685                        -0.064                        0.293                         
15:33:12.970                  0.3688                        -0.064                        0.293                         
15:33:13.098                  0.3689                        -0.064                        0                             0.293                         
15:33:13.210                  0.3691                        -0.0639                       0                             0.293                         
15:33:13.322                  0.3692                        -0.0637                       0                             0.294                         
15:33:13.434                  0.3693                        -0.0634                       0                             0.293                         
15:33:13.562                  0.3693                        -0.0632                       0                             0.293                         
15:33:13.674                  0.3692                        -0.0631                       0                             0.293                         
15:33:13.802                  0.3691                        -0.0631                       0                             0.293                         
15:33:13.914                  0.3689                        -0.0634                       0                             0.293                         
15:33:14.025                  0.3688                        -0.0637                       0                             0.293                         
15:33:14.154                  0.3688                        -0.0641                       0                             0.293                         
15:33:14.265                  0.369                         -0.0644                       0                             0.293                         
15:33:14.393                  0.3692                        -0.0644                       0                             0.293                         
15:33:14.505                  0.3695                        -0.0642                       0                             0.293                         
15:33:14.617                  0.3698                        -0.0638                       0                             0.293                         
15:33:14.745                  0.37                          -0.0634                       0                             0.293                         
15:33:14.857                  0.3701                        -0.0631                       0                             0.293                         
15:33:14.986                  0.3699                        -0.0629                       0                             0.293                         
15:33:15.097                  0.3697                        -0.063                        0                             0.293                         
15:33:15.194                  0.3695                        -0.0634                       0                             0.293                         
15:33:15.337                  0.3693                        -0.0638                       0                             0.293                         
15:33:15.449                  0.369                         -0.0644                       0                             0.293                         
15:33:15.577                  0.3689                        -0.0649                       0                             0.293                         
15:33:15.688                  0.3687                        -0.0653                       0                             0.293                         
15:33:15.784                  0.3686                        -0.0657                       0                             0.293                         
15:33:15.928                  0.3685                        -0.066                        0                             0.293                         
15:33:16.040                  0.3681                        -0.0664                       0                             0.293                         
15:33:16.168                  0.368                         -0.0665                       0                             0.293                         
15:33:16.280                  0.3679                        -0.0666                       0                             0.293                         
15:33:16.376                  0.3677                        -0.0665                       0                             0.293                         
15:33:16.521                  0.3677                        -0.0662                       0                             0.293                         
15:33:16.634                  0.3679                        -0.0657                       0                             0.293                         
15:33:16.761                  0.368                         -0.065                        0                             0.293                         
15:33:16.872                  0.368                         -0.0645                       0                             0.293                         
15:33:16.968                  0.368                         -0.0642                       0                             0.293                         
15:33:17.113                  0.3681                        -0.0638                       0                             0.293                         
15:33:17.225                  0.3683                        -0.0637                       0                             0.293                         
15:33:17.352                  0.3684                        -0.0637                       0                             0.293                         
15:33:17.569                  0.3688                        -0.0639                       0                             0.293                         
